10006
10009
10059
10087
10108
10112
10128
10149
10154
10168
10189
10211
1023
10239
10276
10320
10325
10335
10337
10338
10361
10372
10377
10384
10392
10420
10460
10500
10506
10547
10550
10565
10577
10584
1059
10631
10634
10660
10671
10720
10757
10768
10782
10788
10806
10809
1081
10838
10841
10863
10894
10938
10948
10950
10951
1096
1097
11046
11090
111
1110
11125
11126
11135
11159
11185
11240
11262
11265
11277
11285
11296
11302
11328
11331
1134
11347
11370
11371
11381
11421
11437
11442
11443
11453
11465
11471
11492
11514
11545
11550
11597
11618
11633
1164
11649
11668
11671
11674
11682
1169
11734
11781
11797
11805
11866
11886
11911
11912
11937
1194
11952
11954
1196
11985
12001
12057
12096
12109
12121
12149
12176
12191
12203
12230
12234
12288
12317
1236
12375
12396
12418
12420
12425
12439
1246
125
12519
1255
1260
12612
12661
12669
12681
12687
12695
12704
12711
12745
12747
12757
12763
12774
12776
128
12827
12847
12894
12921
12924
1295
13028
1304
13049
13053
1307
13079
13099
13102
13140
13146
13157
13161
13162
13166
13182
13186
13198
1320
13204
13209
13238
13271
13310
13343
13346
13354
13368
13373
13395
13405
13434
13495
13499
1350
13519
13528
13533
13551
13584
13590
13595
13605
13607
13608
1361
13619
13631
13652
13672
13681
13772
13777
13788
13819
13847
1388
13891
139
13911
13917
13939
14041
14086
14090
14117
1414
14164
14171
1418
14205
14206
1422
14244
14257
14381
14418
14432
14437
14438
14447
14499
14511
14515
14538
14545
14582
14615
14623
14630
14665
14676
14689
14696
14707
14712
14795
14819
14844
149
14914
14928
14949
14959
15019
15036
15043
15050
15075
1512
15143
15150
15170
15176
15192
1522
15222
15239
1528
15282
15312
1534
15369
15372
15378
15379
15399
15432
15439
15469
15475
15478
15492
15507
15519
15550
15553
15631
15683
15705
15711
15741
15780
158
15806
15821
15849
15924
15933
15936
15968
15985
15988
16007
16054
16076
16094
16106
16122
16163
16164
16201
16202
16207
16219
16241
16366
16370
16480
16484
16491
1650
16503
16535
16548
16576
16581
16591
16639
16652
16657
1666
16666
16724
16753
16786
16823
16838
16865
16887
16902
16906
16908
16941
16945
1697
1698
17014
17044
17071
17079
17102
17138
17152
17190
17210
17215
17241
17267
17269
17272
17280
17305
17312
17315
17345
17350
17369
17386
17394
17447
17455
17462
17493
17504
17511
17517
17527
17534
17543
17549
17561
17613
17683
1770
17705
17715
17720
17745
17747
17753
17756
17765
17772
17821
17836
1786
17871
17885
17949
17953
17966
17984
18000
18001
18020
18026
18030
18083
18095
18127
18133
18152
18156
1816
18184
18212
18254
18274
18303
18330
18387
18392
18406
18435
18447
18464
18471
18494
18505
18510
18512
18517
18546
18567
18581
18585
18614
18616
18620
18635
18639
18669
18687
18706
18709
18758
18775
18782
18803
18814
18852
18857
18887
1890
18904
18907
18921
18951
18955
18961
18975
18976
19056
19063
19080
19105
19119
1915
19159
19184
1926
1929
19298
19305
19344
19374
19382
19391
19397
19411
19413
19471
19515
19520
19596
19625
19637
19659
19675
1969
19691
19720
19722
19730
19757
19771
19772
19773
19776
19788
19794
1980
1981
19842
1985
19858
19861
1988
19919
19926
19948
19966
20030
20055
20062
20063
20088
20099
20108
20110
20133
20181
20183
20212
20232
20245
20253
2026
20269
20278
2028
20299
20300
20305
20317
20324
20331
20349
2035
204
20410
20431
20437
20441
20494
20496
20501
20508
2052
20537
20550
20578
20602
20662
20696
20713
20778
20802
20822
20839
20845
20853
20890
20895
20905
20924
21037
21044
2106
21065
21079
21102
21119
21130
21133
21166
2117
21176
21190
21193
21200
21212
21213
21215
21233
21249
21264
21280
21320
21335
21342
21349
21364
21367
21398
21401
21414
21431
21443
21468
21473
21479
21481
21491
21524
21552
21580
21609
21612
21616
21651
2169
21715
21732
21754
21756
21759
218
21801
21814
21826
21853
21908
21922
21949
21985
21999
22029
22048
22054
22092
22105
22109
22111
22120
22125
22171
22185
22207
22234
22236
22262
22268
2229
22311
22327
22390
22407
22424
22444
22451
22458
22464
22470
22472
22477
22517
22566
22574
22584
22587
22592
22606
22609
22643
22644
2265
22656
2267
22705
22711
22712
22778
22798
22805
2282
22839
22878
22894
22898
22925
22944
22996
22999
23099
23148
23172
23174
23183
23207
23208
23216
23290
23302
2334
23341
23342
23359
23373
2343
23467
23475
23499
23504
23508
23537
23579
23651
23658
23668
23678
23750
23752
23777
2380
23804
23805
23853
23854
23868
23892
23901
23910
23922
23952
23953
24025
24029
2403
24062
24070
24130
24164
24179
24234
24251
24262
24323
24350
24362
24397
24408
24421
24422
24431
24433
24477
24531
24544
24555
24571
24579
24592
24631
24638
24644
24659
2468
24680
24685
24707
24748
24761
24782
24791
2481
24840
24861
24866
24869
24886
24907
24923
24929
24949
24960
24969
24976
25011
25014
25048
25053
25059
25067
25070
25072
25133
25216
25226
25228
25232
25255
2527
25293
2531
25328
25329
25336
25375
25381
25397
25408
25437
25456
25470
25481
25486
2550
25514
25553
25567
25573
25574
25624
25631
25671
25687
25691
257
25713
25722
25775
25797
25816
25828
25836
25837
25883
25900
25902
25911
25933
25945
25962
2601
26013
2603
26043
26055
26075
26076
2608
26087
26095
26100
26186
26228
26229
26250
26264
26277
26296
26299
26324
26352
26361
26369
26371
26398
26405
26406
26418
26448
26456
26461
26470
26490
26505
26530
26536
26575
2658
26594
26597
26625
26644
26697
2673
26750
26781
26790
26809
26813
26814
26827
26835
26847
2685
26903
2691
26919
2694
26958
26960
26969
26985
27007
27012
27057
27077
27088
2709
27090
27130
27145
27153
27157
2720
27216
27219
27230
27243
27248
27249
27250
27304
27322
27326
27377
27389
27403
2748
27510
27519
27533
27545
27547
27558
27598
2766
27661
27683
27688
27718
27721
2773
27732
27753
27790
27793
27810
27836
27866
27875
27891
27896
27899
27905
27911
27926
27981
27989
27994
27995
28019
28029
28031
28043
28078
28080
28093
28099
28118
28129
28148
28159
28204
28212
28220
28244
28260
28267
2827
28273
28280
283
28328
28369
28375
28381
28389
2845
28464
28488
28489
28511
28539
28540
28581
28605
28617
28621
28628
28635
28676
28691
28726
28743
2876
28767
28779
28825
28826
28856
28862
28898
28899
28926
28973
28975
28980
29020
2903
29072
29081
29092
29134
29136
2914
29179
29189
29201
29208
29215
29239
29249
2925
29260
29271
29274
29284
29285
2929
29295
29316
29341
29362
29381
2939
29390
29392
29396
29416
29430
2950
29535
2957
29576
29591
2960
29611
2963
29657
29658
29667
29670
29686
29696
29735
2974
29748
29821
29831
29856
29859
29883
29895
29899
2996
29977
29987
30001
30005
3001
30026
30048
30053
30064
30067
30076
30083
30084
30109
30162
3017
30174
30179
30183
30192
30219
30220
30239
30253
30292
30303
30359
30364
30404
30434
30444
30486
3051
30517
30539
30541
3055
30633
30645
30655
30657
30659
30777
30790
30840
30859
30871
30890
30895
30901
30923
3093
30938
30957
30960
30974
3098
30986
31020
31028
31034
31042
31048
31057
31059
31072
31074
31077
3109
31097
31099
3116
31186
31197
31202
31214
31223
31237
31246
31299
31318
31319
31322
31396
31399
31412
3144
31459
31483
31490
31502
31536
31545
31570
31581
31594
31598
3160
31613
31656
31691
31696
31753
31772
31799
31853
31867
31961
31971
31986
31987
32008
32014
32018
32025
32038
32041
32070
32084
3209
32092
32093
32109
32127
32129
32175
32183
32205
3221
32251
32268
32281
32285
32302
32309
32321
3234
32350
32364
32416
32422
32454
32484
32509
32552
32569
32593
326
32613
32638
32643
32666
32682
32718
32731
32757
32810
32843
32868
32881
32937
32968
32970
32985
3299
33013
33030
33074
33098
33139
3317
3323
33234
33239
3326
33265
33266
33272
33321
3334
33341
33346
33369
33370
3338
33433
33435
33436
33461
33477
33543
3355
33593
33600
33618
33659
33670
33671
33689
33719
33723
33804
3381
33829
33845
33880
33911
33948
33950
33982
33993
33996
3400
34009
34030
34055
34077
34084
3410
34100
34109
34113
34129
34133
34139
34141
34165
34186
34201
3421
34239
34244
34257
34309
34318
34321
34322
34334
34342
34357
34383
3439
34401
34407
34435
34452
34537
34558
34576
34591
34607
34620
34636
34684
34698
34734
34782
34790
34792
348
34814
34822
34845
34924
3495
34962
34964
35004
35011
35035
35092
35138
35145
35147
35150
35170
35185
35200
35248
35249
35257
35317
35345
35361
35376
35390
35399
35405
35412
35443
35446
35450
35455
35474
35533
35543
35545
35546
35587
35596
35600
3561
35618
35628
35629
35641
35671
357
35732
35753
35762
35769
35803
35832
35845
35860
35878
35887
35917
35949
35961
35971
35975
360
36019
3604
36062
36064
36125
36152
3616
36164
36203
36220
36225
36248
36261
36284
3630
36307
36320
36337
36351
36356
36380
36390
3640
36465
36483
36518
36527
36533
36556
36560
36572
36591
36593
36606
36613
36621
36652
36696
36710
36757
3676
36797
36811
36871
36874
36897
36904
36912
36942
36946
36947
36948
36968
36982
36991
370
37014
37015
37019
3704
37061
37084
37087
37120
37124
37131
37135
37182
37194
37198
3722
37270
37296
37310
37330
37342
37349
3736
37420
37429
37441
37479
37487
37501
37533
37567
37600
37604
37613
37664
37677
37679
37696
37722
37771
37777
37791
37798
37807
37830
37835
37843
37878
37892
3792
37947
37949
37957
37974
37999
38001
38016
38029
38031
38058
38062
38087
38117
38126
38159
38160
38172
38187
38205
38207
38210
38238
38268
38276
38295
38303
38305
38317
38320
38325
38329
3833
38410
38411
38474
38477
3848
38489
38496
38512
38528
38529
38541
38542
38562
38612
38616
38639
38657
38690
38715
38719
38720
38726
38729
38773
38780
38838
38840
38848
38884
38894
38895
38897
38940
38942
39017
39048
39055
39104
39107
39159
39178
39191
39250
3930
39310
39327
39373
39375
39381
39392
39395
39424
39433
39439
39442
39444
39449
39478
39493
39527
39532
396
39608
39651
39661
39687
39693
39695
39715
39730
39805
39807
39816
39841
39889
39953
4
40
4035
4051
4059
4061
4068
407
4074
4100
4101
4117
4155
4182
4194
4201
4208
4213
4214
4219
4275
4281
4315
432
4346
4356
4415
444
4446
4447
445
4470
4517
4531
4538
4541
457
4584
459
4628
4669
4677
4685
4707
4780
4810
4816
49
4907
4917
4996
5070
5071
5080
5177
519
5212
5320
5363
5367
5396
5399
5430
5437
5445
547
5483
555
5550
5560
5565
5570
560
5614
5647
5662
5670
5673
568
5687
5729
573
5739
5744
5761
5767
5785
5828
5836
5853
5914
5917
5938
5952
5992
5996
6009
6040
6059
6074
6084
6088
6097
6108
614
6158
6168
6169
6193
6263
6281
629
63
6300
631
6314
6352
6359
6379
6384
6385
6407
6431
6435
6436
644
6449
6464
6505
6516
6555
6587
6606
6625
6654
6680
6684
6701
6733
6740
6756
6762
6853
6869
6872
6904
6907
6910
6922
6954
6969
699
6991
7019
7056
7082
7126
7165
7175
7202
721
7230
7239
7249
7268
7311
7320
7352
7355
7387
7408
7409
7418
7432
7439
7487
750
7546
7549
7610
7623
7657
7658
7680
7696
7699
7704
7717
772
7740
7785
7830
7867
7909
7924
7938
7939
7964
799
802
8042
8071
8076
8089
8094
8111
8119
8143
8157
8165
8174
8183
8191
820
8226
8265
8268
8277
8284
8293
8316
8320
8325
8339
8359
8376
8423
8427
8438
8443
8454
8477
851
8539
8548
8549
8590
860
8629
8634
8668
8672
8699
871
8710
8714
8727
8754
8758
8766
8801
8822
8827
8830
8849
8866
889
8920
8934
8949
895
8981
8982
9030
9045
9052
9058
9066
9070
9072
9081
9087
9131
9147
9156
9190
920
9207
9230
9233
9242
9265
9322
9330
9338
9363
9367
9389
9395
9399
9401
9405
9406
9432
9436
9447
9489
9502
9507
9565
9588
9613
9668
969
972
9720
9741
9747
9785
9812
9814
9842
9895
9896
9897
9929
9934
994
9968
998
9988
